

LDA function
[[-27.3558589    7.1519223   -1.33334487 -29.84162166   8.54177388]
 [-27.61673538   7.73011255  -1.4358739  -30.56623027   9.05159775]
 [-23.2132444    4.24979661  -1.07786338 -27.99748136   5.20166328]
 [-23.03975643   4.05765481  -1.07876623 -27.76601411   4.9897527 ]
 [-26.56175881   7.60648982  -1.86996711 -29.89843891   7.88654575]
 [-26.38827083   7.41434802  -1.87086996 -29.66697166   7.67463517]
 [-26.62710681   4.94164492  -0.9376331  -28.71786635   8.50383208]
 [-26.51895748   6.97674925  -1.96877461 -26.52107436   5.19492794]
 [-25.37910685   5.47104552  -1.22228638 -27.80303996   6.09625842]
 [-25.63998333   6.04923577  -1.32481541 -28.52764857   6.60608229]
 [-24.65095522   4.5419976   -1.5166582  -25.4577214    4.24620797]
 [-23.67611124   5.86102949  -2.44744908 -23.02438608   0.44978765]
 [-31.36983925  11.62344509  -0.99181605 -35.00003504  12.90111599]
 [-31.63071572  12.20163534  -1.09434508 -35.72464365  13.41093985]
 [-25.70053084   4.93615875  -0.71964259 -28.8065166    7.45340204]
 [-23.92957516   5.42460283  -2.084031   -24.87472585   2.62659993]
 [-27.10968306   7.30225215  -1.0684317  -29.70238066   7.74111403]
 [-29.5966947   11.93054868  -1.69706019 -32.13004869   8.65612564]
 [-31.05279242  10.46500352  -1.79968417 -31.89350618  11.44384999]
 [-30.87930445  10.27286172  -1.80058702 -31.66203892  11.23193941]
 [-23.72645386   3.72595329  -0.9422876  -26.81908972   4.92474863]
 [-21.94482012   3.64124605  -2.04321016 -22.69033134   0.19998632]
 [-21.89092497   1.32822072  -1.34318621 -23.71323723   2.78199844]
 [-19.52246576   0.14296852  -2.3497145  -19.12721171  -1.9807058 ]
 [-26.85964066   7.02557832  -1.80083787 -28.74399741   7.54176837]
 [-27.12051714   7.60376857  -1.9033669  -29.46860602   8.05159224]
 [-25.47103365   5.99742149  -1.3512318  -29.05715706   7.04487176]
 [-25.29754567   5.80527969  -1.35213465 -28.82568981   6.83296118]
 [-23.37478461   3.81043837  -1.41195574 -28.71376135   6.85293407]
 [-25.86179625   8.43873491  -2.04058422 -31.14142938   7.76794569]
 [-19.24408837   0.98982184  -1.65111006 -24.56890861   1.63715594]
 [-19.07060039   0.79768004  -1.65201291 -24.33744135   1.42524536]
 [-30.39949945  10.53904949  -1.29818968 -33.57523998  11.89675037]
 [-30.22601148  10.34690768  -1.29909253 -33.34377272  11.6848398 ]
 [-27.19460757   6.81466958  -1.64660489 -27.6560768    6.84549042]
 [-29.6816192   11.44296612  -2.27523337 -30.08374482   7.76050203]
 [-23.3964186    4.91305855  -1.62642371 -28.18025484   5.45290935]
 [-22.42157463   6.23209044  -2.55721459 -25.74691951   1.65648903]
 [-25.12295376   6.56665929  -1.86671047 -29.37561227   6.96148796]
 [-21.50276976   4.67623062  -2.89542002 -24.9153255    1.80015541]
 [  3.07160176 -25.15724536  -1.03441779   5.54449623 -25.26156409]
 [  8.38769074 -29.98237528  -1.16495259   8.31443999 -28.39193211]
 [  4.51657481 -26.09299235  -1.25481435   6.40209697 -26.40799433]
 [ -0.83383963 -18.87859068  -1.60448509  -1.28910027 -20.23111359]
 [ 10.07705201 -31.72305444  -1.58820448  12.48917581 -32.09209815]
 [ 13.46621871 -31.21735899  -2.99655348  10.81687787 -32.90631336]
 [  8.45572781 -29.36785357  -1.86805749  10.92530778 -30.98225378]
 [  3.10531337 -22.15345191  -2.21772822   3.23411054 -24.80537304]
 [  7.6759533  -26.90876661  -2.39791534   7.14026205 -28.34666265]
 [  7.75984293 -27.99987977  -1.57682871   5.23315963 -26.25342333]
 [ -1.28818548 -16.49523972  -2.8070085   -3.30748703 -18.93920853]
 [ -0.88065152 -16.67315808  -2.83560135  -3.87616197 -18.57155633]
 [  0.66754452 -20.59224334  -1.77609261  -0.42822394 -20.70811389]
 [  2.39784288 -22.09843548  -1.82480528   0.21172743 -21.5234588 ]
 [  6.62974596 -27.38234974  -1.55682744   6.6158639  -27.14356192]
 [  1.27933152 -20.16794808  -1.90649817  -1.07533334 -20.96668118]
 [  6.80304527 -26.89477409  -2.45206877   7.76539994 -28.05873161]
 [  6.8869349  -27.98588724  -1.63098214   5.85829751 -25.96549229]
 [  2.81756639 -23.45500356  -1.74782702   4.84652688 -25.29839194]
 [  2.90145602 -24.54611672  -0.92674039   2.93942445 -23.20515262]
 [  4.5607797  -25.52958177  -1.9165274    7.72377268 -27.67557247]
 [  7.91964918 -28.56841673  -1.99995513   9.43391205 -29.62231863]
 [  7.06962955 -27.24869206  -1.90779714   6.94220298 -27.69247257]
 [  9.952622   -26.81852255  -3.1058083    5.51966382 -28.38508422]
 [  7.42327814 -26.73080975  -2.51804941   7.39025794 -28.40180617]
 [  7.50716776 -27.82192291  -1.69696277   5.48315552 -26.30856685]
 [ 13.28169129 -35.61330809  -1.16181549  16.41850282 -35.76219977]
 [ 16.83224688 -35.0835319   -2.63722873  14.66657164 -36.61518714]
 [  6.93258151 -27.74813164  -1.9595584    8.41989283 -28.48191354]
 [  7.01647114 -28.8392448   -1.13847177   6.5127904  -26.38867423]
 [  6.25218821 -26.82786368  -1.85142406   6.88739914 -27.29742886]
 [  9.84675895 -26.29152001  -3.34512755   5.1137498  -28.16099045]
 [  6.30323214 -27.25009616  -1.87501902   9.32199702 -29.33724324]
 [  0.9528177  -20.03569449  -2.22468975   1.63079978 -23.16036249]
 [  9.41562859 -30.70109129  -1.71336354  11.81671764 -31.65502066]
 [  4.06521415 -23.48668962  -2.06303427   4.1255204  -25.47813992]
 [ 12.34711923 -35.2777584   -1.27628919  16.20847574 -34.83867664]
 [ 16.1324223  -34.71295568  -2.84925041  14.3407144  -35.74805986]
 [  4.97396942 -24.40629315  -2.76077414   6.66511927 -27.30915065]
 [  5.05785905 -25.4974063   -1.93968751   4.75801685 -25.21591134]
 [ -4.26429417 -16.6158969   -1.40662151  -4.19059465 -16.35972203]
 [-14.24258465  -4.84033691  -1.98912679 -16.86401823  -4.90106268]
 [ -4.63826414 -15.62217227  -1.47879627  -5.54917867 -15.54871791]
 [-13.8318396   -5.0667813   -1.77248432 -18.12393952  -4.04208451]
 [ -8.09249834 -12.31545469  -1.33068706  -7.94442488 -13.15406428]
 [-12.39250761  -8.0216128   -1.48145688 -13.38428889  -7.55726306]
 [-17.73992779  -3.09130678  -1.3376337  -17.57915142  -3.08910956]
 [-10.8250785  -10.17724523  -1.43400491 -13.46456932  -6.93623129]
 [ -2.01113177 -18.31091619  -1.6277045   -3.12392129 -17.76345551]
 [ -6.83421374 -11.35189042  -1.89010664 -11.54593264 -11.21498582]
 [ -9.29331381  -9.9340925   -2.22000147 -11.03647695 -10.35324452]
 [ -4.71570503 -15.65824339  -1.95650532  -5.11693575 -15.38973976]
 [-14.56234479  -6.44273361  -1.12727547 -13.46399631  -7.24077908]
 [ -9.66764343 -10.16704055  -1.12417809 -12.18323658  -9.6950306 ]
 [ -8.36199277 -13.14048326  -1.19319736  -6.86485519 -13.27660067]
 [-18.06666183  -0.64256184  -1.80441245 -21.34086807  -0.98262506]
 [ -8.90452227 -11.00867837  -1.60804824  -8.42238986 -12.89349051]
 [-12.01539044  -9.77933399  -0.60799587 -12.89042204  -7.54398693]
 [ -7.6874965  -13.53714184  -0.9695104   -7.41928527 -13.22369525]
 [-12.98000236  -8.18193749  -1.32890566 -12.39177558  -7.95450817]]

CART path
  (0, 0)	1
  (0, 14)	1
  (0, 16)	1
  (0, 18)	1
  (0, 40)	1
  (0, 41)	1
  (1, 0)	1
  (1, 14)	1
  (1, 16)	1
  (1, 18)	1
  (1, 19)	1
  (1, 20)	1
  (1, 38)	1
  (2, 0)	1
  (2, 14)	1
  (2, 16)	1
  (2, 18)	1
  (2, 19)	1
  (2, 20)	1
  (2, 21)	1
  (2, 22)	1
  (2, 24)	1
  (2, 26)	1
  (2, 27)	1
  (3, 0)	1
  :	:
  (91, 2)	1
  (92, 0)	1
  (92, 14)	1
  (92, 15)	1
  (93, 0)	1
  (93, 1)	1
  (93, 2)	1
  (94, 0)	1
  (94, 14)	1
  (94, 15)	1
  (95, 0)	1
  (95, 1)	1
  (95, 2)	1
  (96, 0)	1
  (96, 14)	1
  (96, 15)	1
  (97, 0)	1
  (97, 1)	1
  (97, 2)	1
  (98, 0)	1
  (98, 14)	1
  (98, 15)	1
  (99, 0)	1
  (99, 1)	1
  (99, 2)	1

CART path
  (0, 0)	1
  (0, 1)	1
  (0, 2)	1
  (1, 0)	1
  (1, 1)	1
  (1, 3)	1
  (1, 4)	1
  (1, 5)	1
  (1, 6)	1
  (2, 0)	1
  (2, 1)	1
  (2, 2)	1
  (3, 0)	1
  (3, 1)	1
  (3, 2)	1
  (4, 0)	1
  (4, 1)	1
  (4, 3)	1
  (4, 4)	1
  (4, 5)	1
  (4, 7)	1
  (4, 9)	1
  (5, 0)	1
  (5, 1)	1
  (5, 2)	1
  :	:
  (86, 15)	1
  (86, 21)	1
  (86, 25)	1
  (86, 26)	1
  (87, 0)	1
  (87, 12)	1
  (87, 13)	1
  (87, 15)	1
  (87, 21)	1
  (87, 25)	1
  (87, 26)	1
  (88, 0)	1
  (88, 12)	1
  (88, 13)	1
  (88, 15)	1
  (88, 21)	1
  (88, 25)	1
  (88, 26)	1
  (89, 0)	1
  (89, 12)	1
  (89, 13)	1
  (89, 15)	1
  (89, 16)	1
  (89, 17)	1
  (89, 18)	1

LDA function
[[-4.50469411e+00 -9.48065342e-01 -1.57342662e+00]
 [-3.63334438e+00 -9.93828653e-01 -2.39901304e+00]
 [-5.44356991e+00  1.36997430e+00 -2.95259046e+00]
 [-6.98317694e+00  2.39755626e+00 -2.44056540e+00]
 [-4.55443128e+00 -1.46201463e+00 -1.00974016e+00]
 [-6.39036848e+00  2.80358081e+00 -3.43939840e+00]
 [-4.95798837e+00 -5.08330328e-01 -1.55986737e+00]
 [-5.68106456e+00 -2.68261996e-01 -1.07685952e+00]
 [-7.58609280e+00  3.37571582e+00 -2.81580909e+00]
 [-6.47719058e+00  2.42578161e+00 -2.97477710e+00]
 [-6.77530935e+00  1.95542924e+00 -2.20630596e+00]
 [-6.02056221e+00  1.35391778e+00 -2.35954164e+00]
 [-5.50892758e+00  1.97229534e+00 -3.48955383e+00]
 [-5.47788276e+00  6.08697086e-03 -1.55439028e+00]
 [-4.62145574e+00 -1.42991452e+00 -9.74815819e-01]
 [-4.46002481e+00 -2.53219025e-01 -2.31294224e+00]
 [-5.75450263e+00  1.59418961e+00 -2.86587305e+00]
 [-3.86582047e+00 -1.22197007e+00 -1.93839553e+00]
 [-3.80615675e+00 -1.27059472e+00 -1.94943460e+00]
 [-4.32549527e+00  5.57864776e-02 -2.75647728e+00]
 [-6.26981807e+00  9.96756852e-01 -1.75312486e+00]
 [-6.50931941e+00  3.58545829e+00 -4.10232496e+00]
 [-6.72726405e+00  3.71264293e+00 -4.01156495e+00]
 [-5.80007925e+00  1.49091539e+00 -2.71702221e+00]
 [-4.74211209e+00 -7.68787700e-02 -2.20719521e+00]
 [-6.51993610e+00  1.85989007e+00 -2.36614004e+00]
 [-4.24060288e+00 -1.26047640e+00 -1.52510680e+00]
 [-4.71673291e+00 -4.67000686e-01 -1.84245248e+00]
 [-6.36020028e+00  1.44397458e+00 -2.10996037e+00]
 [-6.73653760e+00  2.85414284e+00 -3.14379130e+00]
 [-5.51461068e+00 -1.41034817e+00 -1.01227228e-01]
 [-5.21309570e-01 -3.13288106e+00 -3.37199545e+00]
 [-6.98144718e-01 -6.01460632e+00 -3.13435031e-01]
 [-1.86427497e+00 -4.29386296e+00 -8.68048143e-01]
 [-5.28772205e+00 -1.94729280e+00  2.08828786e-01]
 [-1.61846059e+00 -5.82902613e+00  4.21300645e-01]
 [-1.53301469e+00 -5.32596511e+00 -1.67206274e-01]
 [-5.25894382e+00 -3.67016139e-01 -1.40022612e+00]
 [-3.76592774e+00 -1.71659662e+00 -1.54366172e+00]
 [-4.64484883e-02 -4.71117491e+00 -2.26856267e+00]
 [-2.74138745e+00 -4.34062478e+00  5.58261566e-02]
 [-5.39947685e+00 -9.25942574e-01 -7.00766644e-01]
 [ 4.25744274e-01 -6.81501034e+00 -6.36920010e-01]
 [-3.96307214e+00 -8.67683836e-01 -2.19543009e+00]
 [ 2.71708213e+00 -8.42817494e+00 -1.31509326e+00]
 [ 2.54270891e+00 -8.82137372e+00 -7.47521263e-01]
 [-2.49322206e+00 -4.58253216e+00  4.95681495e-02]
 [-8.06711163e-01 -8.51762123e+00  2.29814632e+00]
 [-1.10554635e+00 -4.87544313e+00 -1.04519660e+00]
 [-3.16120554e+00 -4.43564765e+00  5.70667117e-01]
 [-2.16778793e+00 -3.01570301e+00 -1.84269512e+00]
 [-2.11479783e+00 -5.13774799e+00  2.26359745e-01]
 [-5.10219896e+00 -2.11208609e+00  1.88098983e-01]
 [-3.90862714e+00 -3.32708430e+00  2.09525371e-01]
 [-4.98936039e+00 -8.17742052e-01 -1.21908363e+00]
 [-5.04794626e+00 -1.85304297e-02 -1.95970939e+00]
 [-1.78494990e+00 -2.68725001e+00 -2.55398616e+00]
 [-1.21823998e+00 -5.14322162e+00 -6.64724469e-01]
 [-4.96847079e+00 -7.57720288e-01 -1.29999499e+00]
 [-1.35021989e-01 -7.01220866e+00  1.21044577e-01]
 [ 3.10137505e+00 -8.43707743e+00 -1.69048370e+00]
 [-2.63638195e+00 -2.87826371e+00 -1.51154042e+00]
 [-3.34481517e+00 -1.97813034e+00 -1.70324056e+00]
 [ 2.13113755e+00 -8.59221875e+00 -5.65104874e-01]
 [ 2.16841542e+00 -7.92892701e+00 -1.26567448e+00]
 [-8.00600539e-01 -4.23408479e+00 -1.99150074e+00]
 [-2.66964863e-01 -5.56999910e+00 -1.18922211e+00]
 [ 1.63654472e+00 -7.89932153e+00 -7.63409270e-01]
 [ 3.08794385e+00 -8.58453375e+00 -1.52959617e+00]
 [ 2.12506472e+00 -7.71579055e+00 -1.43546025e+00]
 [ 1.16741497e-01 -6.40589554e+00 -7.37032032e-01]
 [ 4.16239676e-01 -5.20249423e+00 -2.23993151e+00]
 [-4.72924904e-01 -4.40025536e+00 -2.15300581e+00]
 [-4.89922139e-01 -5.28780204e+00 -1.24846189e+00]
 [ 1.66894694e-01 -6.40711137e+00 -7.85969395e-01]
 [ 1.50250410e+00 -7.27737400e+00 -1.25131617e+00]
 [ 8.36176746e-01 -6.11065586e+00 -1.75170696e+00]
 [ 9.10659600e-01 -6.23019053e+00 -1.70665514e+00]
 [ 4.22312506e-01 -6.07892244e+00 -1.36957614e+00]
 [-9.61157215e-01 -5.01002243e+00 -1.05500643e+00]
 [-1.79117767e-01 -5.42308832e+00 -1.42397998e+00]
 [-3.34084602e-01 -6.44129990e+00 -2.50801570e-01]
 [ 3.83355901e-02 -5.47386599e+00 -1.59065567e+00]
 [-5.01205935e-01 -4.49183170e+00 -2.03314844e+00]
 [-4.10788358e-02 -6.41877256e+00 -5.66334675e-01]
 [ 3.74306449e-02 -5.88965390e+00 -1.17396282e+00]
 [-1.10561331e+00 -4.75645399e+00 -1.16411877e+00]
 [ 3.35197450e-01 -6.14484439e+00 -1.21653914e+00]
 [ 1.16933628e+00 -6.97288857e+00 -1.22263377e+00]
 [ 7.39505718e-01 -6.49448296e+00 -1.27120883e+00]]